project_uuid,workspace_uuid,created_at,updated_at,name,full_address,address_1,address_2,city,state,postal_code,country,lat,lng,investment_strategy,stage,type,style,square_feet,beds,baths,year_built,featured_image_url,permissions_json
99aedea3-f37a-483a-8b2e-4b530599d7d2,fcc296b5-fe8b-4b7a-9b32-d436b75f9490,2026-06-10T12:45:50Z,2026-06-10T14:14:03Z,901 Blackjack Road,"901 Blackjack Road, Trussville, AL 35173",901 Blackjack Road,,Trussville,AL,35173,US,33.676122,-86.5107156,fix_and_flip,appointment_set,Single Family Residence,,1781,,,1960,https://tools.flipperforce.com/uploads/projects/117166/streetview-400x400.jpg,"[""team_notifications"", ""analysis_dashboard"", ""estimating_dashboard"", ""accounting_dashboard"", ""leads_dashboard"", ""active_projects_dashboard"", ""portfolio_dashboard"", ""project_notes"", ""project_comps"", ""flip_analyzer"", ""rental_analyzer"", ""repair_estimator"", ""deal_analysis_reports"", ""task_manager"", ""project_scheduler"", ""project_calendar"", ""project_budgeter"", ""expense_tracker"", ""income_tracker"", ""receipts"", ""accounting_reports"", ""contacts_vendors"", ""document_manager"", ""photo_log"", ""add_project"", ""delete_project"", ""material_catalog"", ""project_progress_updates"", ""activity_log"", ""receipts_inbox""]"
5cafacb0-98f7-4d27-aa9d-5f190ea98e61,fcc296b5-fe8b-4b7a-9b32-d436b75f9490,2026-06-10T12:53:18Z,2026-06-10T12:53:21Z,3788 James Hill Circle,"3788 James Hill Circle, Birmingham, AL 35226",3788 James Hill Circle,,Birmingham,AL,35226,US,33.3966419,-86.8695487,fix_and_flip,contacting_seller,Single Family Residence,,1559,3,2,2010,https://tools.flipperforce.com/uploads/projects/117167/streetview-400x400.jpg,"[""team_notifications"", ""analysis_dashboard"", ""estimating_dashboard"", ""accounting_dashboard"", ""leads_dashboard"", ""active_projects_dashboard"", ""portfolio_dashboard"", ""project_notes"", ""project_comps"", ""flip_analyzer"", ""rental_analyzer"", ""repair_estimator"", ""deal_analysis_reports"", ""task_manager"", ""project_scheduler"", ""project_calendar"", ""project_budgeter"", ""expense_tracker"", ""income_tracker"", ""receipts"", ""accounting_reports"", ""contacts_vendors"", ""document_manager"", ""photo_log"", ""add_project"", ""delete_project"", ""material_catalog"", ""project_progress_updates"", ""activity_log"", ""receipts_inbox""]"
c4abe550-57a9-4058-8cd6-0bf68dccd656,fcc296b5-fe8b-4b7a-9b32-d436b75f9490,2026-05-29T16:23:55Z,2026-06-09T21:05:30Z,1118 Hale Circle,"1118 Hale Circle, Center Point, AL 35215",1118 Hale Circle,,Center Point,AL,35215,US,33.6502374,-86.6629737,fix_and_flip,offer_made,Single Family Residence,,1974,2,2,1993,https://tools.flipperforce.com/uploads/projects/116456/streetview-400x400.jpg,"[""team_notifications"", ""analysis_dashboard"", ""estimating_dashboard"", ""accounting_dashboard"", ""leads_dashboard"", ""active_projects_dashboard"", ""portfolio_dashboard"", ""project_notes"", ""project_comps"", ""flip_analyzer"", ""rental_analyzer"", ""repair_estimator"", ""deal_analysis_reports"", ""task_manager"", ""project_scheduler"", ""project_calendar"", ""project_budgeter"", ""expense_tracker"", ""income_tracker"", ""receipts"", ""accounting_reports"", ""contacts_vendors"", ""document_manager"", ""photo_log"", ""add_project"", ""delete_project"", ""material_catalog"", ""project_progress_updates"", ""activity_log"", ""receipts_inbox""]"
0243bb92-ae3f-4a05-81bf-c32e450dedfd,fcc296b5-fe8b-4b7a-9b32-d436b75f9490,2026-06-09T12:41:25Z,2026-06-09T17:00:48Z,515 Karey Drive,"515 Karey Drive, Center Point, AL 35215",515 Karey Drive,,Center Point,AL,35215,US,33.6290068,-86.6721855,fix_and_flip,offer_made,"Service Shop (Tv, Radio, Electric, Plumbing)",,3358,3,2,1969,https://tools.flipperforce.com/uploads/projects/117069/streetview-400x400.jpg,"[""team_notifications"", ""analysis_dashboard"", ""estimating_dashboard"", ""accounting_dashboard"", ""leads_dashboard"", ""active_projects_dashboard"", ""portfolio_dashboard"", ""project_notes"", ""project_comps"", ""flip_analyzer"", ""rental_analyzer"", ""repair_estimator"", ""deal_analysis_reports"", ""task_manager"", ""project_scheduler"", ""project_calendar"", ""project_budgeter"", ""expense_tracker"", ""income_tracker"", ""receipts"", ""accounting_reports"", ""contacts_vendors"", ""document_manager"", ""photo_log"", ""add_project"", ""delete_project"", ""material_catalog"", ""project_progress_updates"", ""activity_log"", ""receipts_inbox""]"
b39b8aa8-50d6-4bb5-9504-9f2941586ead,fcc296b5-fe8b-4b7a-9b32-d436b75f9490,2026-06-08T19:48:56Z,2026-06-09T17:00:47Z,20 Burgundy Lane,"20 Burgundy Lane, Calera, AL 35040",20 Burgundy Lane,,Calera,AL,35040,US,33.1482879,-86.771945,fix_and_flip,offer_made,Single Family Residence,,1600,3,2,1976,https://tools.flipperforce.com/uploads/projects/117035/streetview-400x400.jpg,"[""team_notifications"", ""analysis_dashboard"", ""estimating_dashboard"", ""accounting_dashboard"", ""leads_dashboard"", ""active_projects_dashboard"", ""portfolio_dashboard"", ""project_notes"", ""project_comps"", ""flip_analyzer"", ""rental_analyzer"", ""repair_estimator"", ""deal_analysis_reports"", ""task_manager"", ""project_scheduler"", ""project_calendar"", ""project_budgeter"", ""expense_tracker"", ""income_tracker"", ""receipts"", ""accounting_reports"", ""contacts_vendors"", ""document_manager"", ""photo_log"", ""add_project"", ""delete_project"", ""material_catalog"", ""project_progress_updates"", ""activity_log"", ""receipts_inbox""]"
ce4ef339-5ce5-4b05-aa49-d23b1c0e6832,fcc296b5-fe8b-4b7a-9b32-d436b75f9490,2026-06-08T15:43:13Z,2026-06-09T17:00:45Z,7161 Roper Road,"7161 Roper Road, Trussville, AL 35173",7161 Roper Road,,Trussville,AL,35173,US,33.6129934,-86.5799616,fix_and_flip,offer_made,Single Family Residence,,1814,3,2,1978,https://tools.flipperforce.com/uploads/projects/117002/streetview-400x400.jpg,"[""team_notifications"", ""analysis_dashboard"", ""estimating_dashboard"", ""accounting_dashboard"", ""leads_dashboard"", ""active_projects_dashboard"", ""portfolio_dashboard"", ""project_notes"", ""project_comps"", ""flip_analyzer"", ""rental_analyzer"", ""repair_estimator"", ""deal_analysis_reports"", ""task_manager"", ""project_scheduler"", ""project_calendar"", ""project_budgeter"", ""expense_tracker"", ""income_tracker"", ""receipts"", ""accounting_reports"", ""contacts_vendors"", ""document_manager"", ""photo_log"", ""add_project"", ""delete_project"", ""material_catalog"", ""project_progress_updates"", ""activity_log"", ""receipts_inbox""]"
bd4d44a9-d742-405e-ae4a-e69c65754b5b,fcc296b5-fe8b-4b7a-9b32-d436b75f9490,2026-03-20T17:46:12Z,2026-06-05T21:14:01Z,2513 7th Street Northeast,"2513 7th Street Northeast, Center Point, AL 35215",2513 7th Street Northeast,,Center Point,AL,35215,US,33.6511404,-86.6698102,fix_and_flip,under_construction,Single Family Residence,,1150,3,1,1958,https://tools.flipperforce.com/uploads/projects/112536/streetview-400x400.jpg,"[""team_notifications"", ""analysis_dashboard"", ""estimating_dashboard"", ""accounting_dashboard"", ""leads_dashboard"", ""active_projects_dashboard"", ""portfolio_dashboard"", ""project_notes"", ""project_comps"", ""flip_analyzer"", ""rental_analyzer"", ""repair_estimator"", ""deal_analysis_reports"", ""task_manager"", ""project_scheduler"", ""project_calendar"", ""project_budgeter"", ""expense_tracker"", ""income_tracker"", ""receipts"", ""accounting_reports"", ""contacts_vendors"", ""document_manager"", ""photo_log"", ""add_project"", ""delete_project"", ""material_catalog"", ""project_progress_updates"", ""activity_log"", ""receipts_inbox""]"
e4555221-06cf-4140-b7f3-dade8f132060,fcc296b5-fe8b-4b7a-9b32-d436b75f9490,2026-03-17T20:41:18Z,2026-06-05T21:10:31Z,2701 Eastern Valley Road,"2701 Eastern Valley Road, Leeds, AL 35094",2701 Eastern Valley Road,,Leeds,AL,35094,US,33.496833,-86.606408,fix_and_flip,under_construction,Single Family Residence,,2835,3,1,1925,https://tools.flipperforce.com/uploads/projects/112374/streetview-400x400.jpg,"[""team_notifications"", ""analysis_dashboard"", ""estimating_dashboard"", ""accounting_dashboard"", ""leads_dashboard"", ""active_projects_dashboard"", ""portfolio_dashboard"", ""project_notes"", ""project_comps"", ""flip_analyzer"", ""rental_analyzer"", ""repair_estimator"", ""deal_analysis_reports"", ""task_manager"", ""project_scheduler"", ""project_calendar"", ""project_budgeter"", ""expense_tracker"", ""income_tracker"", ""receipts"", ""accounting_reports"", ""contacts_vendors"", ""document_manager"", ""photo_log"", ""add_project"", ""delete_project"", ""material_catalog"", ""project_progress_updates"", ""activity_log"", ""receipts_inbox""]"
85fd6677-7cea-424f-b056-30745971d96d,fcc296b5-fe8b-4b7a-9b32-d436b75f9490,2026-02-05T20:20:16Z,2026-06-05T21:06:54Z,2308 Kala Street,"2308 Kala Street, Helena, AL 35080",2308 Kala Street,,Helena,AL,35080,US,33.2720034,-86.8487935,fix_and_flip,under_construction,Single Family Residence,,1450,,2,1976,https://tools.flipperforce.com/uploads/projects/110084/streetview-400x400.jpg,"[""team_notifications"", ""analysis_dashboard"", ""estimating_dashboard"", ""accounting_dashboard"", ""leads_dashboard"", ""active_projects_dashboard"", ""portfolio_dashboard"", ""project_notes"", ""project_comps"", ""flip_analyzer"", ""rental_analyzer"", ""repair_estimator"", ""deal_analysis_reports"", ""task_manager"", ""project_scheduler"", ""project_calendar"", ""project_budgeter"", ""expense_tracker"", ""income_tracker"", ""receipts"", ""accounting_reports"", ""contacts_vendors"", ""document_manager"", ""photo_log"", ""add_project"", ""delete_project"", ""material_catalog"", ""project_progress_updates"", ""activity_log"", ""receipts_inbox""]"
926fb82d-2f16-49a6-b21f-86c9a4ef08f4,fcc296b5-fe8b-4b7a-9b32-d436b75f9490,2026-04-10T17:28:39Z,2026-06-05T20:54:28Z,1688 Brewster Road,"1688 Brewster Road, Birmingham, AL 35235",1688 Brewster Road,,Birmingham,AL,35235,US,33.6267178,-86.6541428,fix_and_flip,under_construction,Single Family Residence,,1148,2,2,1980,https://tools.flipperforce.com/uploads/projects/113671/streetview-400x400.jpg,"[""team_notifications"", ""analysis_dashboard"", ""estimating_dashboard"", ""accounting_dashboard"", ""leads_dashboard"", ""active_projects_dashboard"", ""portfolio_dashboard"", ""project_notes"", ""project_comps"", ""flip_analyzer"", ""rental_analyzer"", ""repair_estimator"", ""deal_analysis_reports"", ""task_manager"", ""project_scheduler"", ""project_calendar"", ""project_budgeter"", ""expense_tracker"", ""income_tracker"", ""receipts"", ""accounting_reports"", ""contacts_vendors"", ""document_manager"", ""photo_log"", ""add_project"", ""delete_project"", ""material_catalog"", ""project_progress_updates"", ""activity_log"", ""receipts_inbox""]"
da07daab-8d0e-40ad-b059-ac163f36d468,fcc296b5-fe8b-4b7a-9b32-d436b75f9490,2026-04-15T14:21:37Z,2026-06-05T20:52:10Z,5364 Balboa Avenue,"5364 Balboa Avenue, Pinson, AL 35126",5364 Balboa Avenue,,Pinson,AL,35126,US,33.6643215,-86.6427201,fix_and_flip,under_construction,Single Family Residence,,1170,3,,1976,https://tools.flipperforce.com/uploads/projects/113902/streetview-400x400.jpg,"[""team_notifications"", ""analysis_dashboard"", ""estimating_dashboard"", ""accounting_dashboard"", ""leads_dashboard"", ""active_projects_dashboard"", ""portfolio_dashboard"", ""project_notes"", ""project_comps"", ""flip_analyzer"", ""rental_analyzer"", ""repair_estimator"", ""deal_analysis_reports"", ""task_manager"", ""project_scheduler"", ""project_calendar"", ""project_budgeter"", ""expense_tracker"", ""income_tracker"", ""receipts"", ""accounting_reports"", ""contacts_vendors"", ""document_manager"", ""photo_log"", ""add_project"", ""delete_project"", ""material_catalog"", ""project_progress_updates"", ""activity_log"", ""receipts_inbox""]"
765720e7-f5f2-447d-9fa2-9aaa16417bdc,fcc296b5-fe8b-4b7a-9b32-d436b75f9490,2026-04-28T14:32:26Z,2026-06-05T20:36:41Z,1017 Burnt Pine Lane,"1017 Burnt Pine Lane, Alabaster, AL 35114",1017 Burnt Pine Lane,,Alabaster,AL,35114,US,33.2259023,-86.8522971,fix_and_flip,under_construction,Single Family Residence,,1415,,2,1978,https://tools.flipperforce.com/uploads/projects/114605/streetview-400x400.jpg,"[""team_notifications"", ""analysis_dashboard"", ""estimating_dashboard"", ""accounting_dashboard"", ""leads_dashboard"", ""active_projects_dashboard"", ""portfolio_dashboard"", ""project_notes"", ""project_comps"", ""flip_analyzer"", ""rental_analyzer"", ""repair_estimator"", ""deal_analysis_reports"", ""task_manager"", ""project_scheduler"", ""project_calendar"", ""project_budgeter"", ""expense_tracker"", ""income_tracker"", ""receipts"", ""accounting_reports"", ""contacts_vendors"", ""document_manager"", ""photo_log"", ""add_project"", ""delete_project"", ""material_catalog"", ""project_progress_updates"", ""activity_log"", ""receipts_inbox""]"
a38a8023-8a63-42ac-a38b-000f8c9e6587,fcc296b5-fe8b-4b7a-9b32-d436b75f9490,2026-04-23T14:57:42Z,2026-06-05T20:35:25Z,533 River Crest Way,"533 River Crest Way, Helena, AL 35080",533 River Crest Way,,Helena,AL,35080,US,33.2724832,-86.8833874,fix_and_flip,under_construction,Single Family Residence,,2780,,3,2010,https://tools.flipperforce.com/uploads/projects/114375/streetview-400x400.jpg,"[""team_notifications"", ""analysis_dashboard"", ""estimating_dashboard"", ""accounting_dashboard"", ""leads_dashboard"", ""active_projects_dashboard"", ""portfolio_dashboard"", ""project_notes"", ""project_comps"", ""flip_analyzer"", ""rental_analyzer"", ""repair_estimator"", ""deal_analysis_reports"", ""task_manager"", ""project_scheduler"", ""project_calendar"", ""project_budgeter"", ""expense_tracker"", ""income_tracker"", ""receipts"", ""accounting_reports"", ""contacts_vendors"", ""document_manager"", ""photo_log"", ""add_project"", ""delete_project"", ""material_catalog"", ""project_progress_updates"", ""activity_log"", ""receipts_inbox""]"
1df685fc-17ab-4eba-9c6f-b91ba65a0783,fcc296b5-fe8b-4b7a-9b32-d436b75f9490,2026-03-12T17:45:06Z,2026-06-05T19:24:49Z,828 Jeffery Lane,"828 Jeffery Lane, Birmingham, AL 35235",828 Jeffery Lane,,Birmingham,AL,35235,US,33.5962864,-86.6771264,fix_and_flip,under_construction,Single Family Residence,,1896,3,2,1963,https://tools.flipperforce.com/uploads/projects/112076/streetview-400x400.jpg,"[""team_notifications"", ""analysis_dashboard"", ""estimating_dashboard"", ""accounting_dashboard"", ""leads_dashboard"", ""active_projects_dashboard"", ""portfolio_dashboard"", ""project_notes"", ""project_comps"", ""flip_analyzer"", ""rental_analyzer"", ""repair_estimator"", ""deal_analysis_reports"", ""task_manager"", ""project_scheduler"", ""project_calendar"", ""project_budgeter"", ""expense_tracker"", ""income_tracker"", ""receipts"", ""accounting_reports"", ""contacts_vendors"", ""document_manager"", ""photo_log"", ""add_project"", ""delete_project"", ""material_catalog"", ""project_progress_updates"", ""activity_log"", ""receipts_inbox""]"
09618744-1448-4510-8bd5-09aee816fe40,fcc296b5-fe8b-4b7a-9b32-d436b75f9490,2026-01-20T21:58:56Z,2026-06-05T14:40:57Z,1676 Five Points Road,"1676 Five Points Road, Cleveland, AL 35049",1676 Five Points Road,,Cleveland,AL,35049,US,34.0088961,-86.5579437,fix_and_flip,under_construction,,,,,,,https://tools.flipperforce.com/uploads/projects/109098/streetview-400x400.jpg,"[""team_notifications"", ""analysis_dashboard"", ""estimating_dashboard"", ""accounting_dashboard"", ""leads_dashboard"", ""active_projects_dashboard"", ""portfolio_dashboard"", ""project_notes"", ""project_comps"", ""flip_analyzer"", ""rental_analyzer"", ""repair_estimator"", ""deal_analysis_reports"", ""task_manager"", ""project_scheduler"", ""project_calendar"", ""project_budgeter"", ""expense_tracker"", ""income_tracker"", ""receipts"", ""accounting_reports"", ""contacts_vendors"", ""document_manager"", ""photo_log"", ""add_project"", ""delete_project"", ""material_catalog"", ""project_progress_updates"", ""activity_log"", ""receipts_inbox""]"
aef92150-c9d4-4fcd-9599-c8d46b960ed6,fcc296b5-fe8b-4b7a-9b32-d436b75f9490,2026-01-27T20:12:50Z,2026-06-05T14:39:38Z,5874 Dogwood Circle,"5874 Dogwood Circle, McCalla, AL 35111",5874 Dogwood Circle,,McCalla,AL,35111,US,33.3254575,-87.0354187,fix_and_flip,under_construction,Single Family Residence,,1450,3,2,1977,https://tools.flipperforce.com/uploads/projects/109490/streetview-400x400.jpg,"[""team_notifications"", ""analysis_dashboard"", ""estimating_dashboard"", ""accounting_dashboard"", ""leads_dashboard"", ""active_projects_dashboard"", ""portfolio_dashboard"", ""project_notes"", ""project_comps"", ""flip_analyzer"", ""rental_analyzer"", ""repair_estimator"", ""deal_analysis_reports"", ""task_manager"", ""project_scheduler"", ""project_calendar"", ""project_budgeter"", ""expense_tracker"", ""income_tracker"", ""receipts"", ""accounting_reports"", ""contacts_vendors"", ""document_manager"", ""photo_log"", ""add_project"", ""delete_project"", ""material_catalog"", ""project_progress_updates"", ""activity_log"", ""receipts_inbox""]"
cac34cd4-906c-49fa-aa39-41bdb0174269,fcc296b5-fe8b-4b7a-9b32-d436b75f9490,2026-04-28T14:57:29Z,2026-06-05T14:37:45Z,7624 Happy Hollow Road,"7624 Happy Hollow Road, Trussville, AL 35173",7624 Happy Hollow Road,,Trussville,AL,35173,US,33.6600793,-86.5653747,fix_and_flip,under_construction,Single Family Residence,,1395,3,3,1970,https://tools.flipperforce.com/uploads/projects/114612/streetview-400x400.jpg,"[""team_notifications"", ""analysis_dashboard"", ""estimating_dashboard"", ""accounting_dashboard"", ""leads_dashboard"", ""active_projects_dashboard"", ""portfolio_dashboard"", ""project_notes"", ""project_comps"", ""flip_analyzer"", ""rental_analyzer"", ""repair_estimator"", ""deal_analysis_reports"", ""task_manager"", ""project_scheduler"", ""project_calendar"", ""project_budgeter"", ""expense_tracker"", ""income_tracker"", ""receipts"", ""accounting_reports"", ""contacts_vendors"", ""document_manager"", ""photo_log"", ""add_project"", ""delete_project"", ""material_catalog"", ""project_progress_updates"", ""activity_log"", ""receipts_inbox""]"
058497a2-f46c-4dc6-835b-20cef610d484,fcc296b5-fe8b-4b7a-9b32-d436b75f9490,2025-08-06T14:33:42Z,2026-06-05T14:12:21Z,1125 Greystone Crest,"1125 Greystone Crest, Birmingham, AL 35242",1125 Greystone Crest,,Birmingham,AL,35242,US,33.4335408,-86.6344367,fix_and_flip,under_construction,Single Family,,5979,6,4,1999,https://tools.flipperforce.com/uploads/projects/99244/streetview-400x400.jpg,"[""team_notifications"", ""analysis_dashboard"", ""estimating_dashboard"", ""accounting_dashboard"", ""leads_dashboard"", ""active_projects_dashboard"", ""portfolio_dashboard"", ""project_notes"", ""project_comps"", ""flip_analyzer"", ""rental_analyzer"", ""repair_estimator"", ""deal_analysis_reports"", ""task_manager"", ""project_scheduler"", ""project_calendar"", ""project_budgeter"", ""expense_tracker"", ""income_tracker"", ""receipts"", ""accounting_reports"", ""contacts_vendors"", ""document_manager"", ""photo_log"", ""add_project"", ""delete_project"", ""material_catalog"", ""project_progress_updates"", ""activity_log"", ""receipts_inbox""]"
e97a92f4-8a67-4b2c-9667-a95505643b89,fcc296b5-fe8b-4b7a-9b32-d436b75f9490,2025-12-10T23:38:01Z,2026-06-05T14:07:09Z,193 Rena Drive,"193 Rena Drive, Springville, AL 35146",193 Rena Drive,,Springville,AL,35146,US,33.7823802,-86.4793075,fix_and_flip,under_construction,,,,,,,https://tools.flipperforce.com/uploads/projects/107100/streetview-400x400.jpg,"[""team_notifications"", ""analysis_dashboard"", ""estimating_dashboard"", ""accounting_dashboard"", ""leads_dashboard"", ""active_projects_dashboard"", ""portfolio_dashboard"", ""project_notes"", ""project_comps"", ""flip_analyzer"", ""rental_analyzer"", ""repair_estimator"", ""deal_analysis_reports"", ""task_manager"", ""project_scheduler"", ""project_calendar"", ""project_budgeter"", ""expense_tracker"", ""income_tracker"", ""receipts"", ""accounting_reports"", ""contacts_vendors"", ""document_manager"", ""photo_log"", ""add_project"", ""delete_project"", ""material_catalog"", ""project_progress_updates"", ""activity_log"", ""receipts_inbox""]"
550a06ed-78e2-4a8a-8ced-40acc74f9d04,fcc296b5-fe8b-4b7a-9b32-d436b75f9490,2026-05-21T19:27:25Z,2026-06-05T13:30:32Z,23185 Alabama 79,"23185 Alabama 79, Trafford, AL 35172",23185 Alabama 79,,Trafford,AL,35172,US,33.8212345,-86.6694282,fix_and_flip,lead,,,,,,,https://tools.flipperforce.com/uploads/projects/116103/streetview-400x400.jpg,"[""team_notifications"", ""analysis_dashboard"", ""estimating_dashboard"", ""accounting_dashboard"", ""leads_dashboard"", ""active_projects_dashboard"", ""portfolio_dashboard"", ""project_notes"", ""project_comps"", ""flip_analyzer"", ""rental_analyzer"", ""repair_estimator"", ""deal_analysis_reports"", ""task_manager"", ""project_scheduler"", ""project_calendar"", ""project_budgeter"", ""expense_tracker"", ""income_tracker"", ""receipts"", ""accounting_reports"", ""contacts_vendors"", ""document_manager"", ""photo_log"", ""add_project"", ""delete_project"", ""material_catalog"", ""project_progress_updates"", ""activity_log"", ""receipts_inbox""]"
f3d4431e-1cc1-4a5e-a0a4-fff4c330d49e,fcc296b5-fe8b-4b7a-9b32-d436b75f9490,2026-05-01T18:32:45Z,2026-06-05T13:30:24Z,2157 Parsons Drive,"2157 Parsons Drive, Moody, AL 35004",2157 Parsons Drive,,Moody,AL,35004,US,33.5727589,-86.5065762,fix_and_flip,under_construction,Single Family Residence,,1948,,1,2006,https://tools.flipperforce.com/uploads/projects/114906/streetview-400x400.jpg,"[""team_notifications"", ""analysis_dashboard"", ""estimating_dashboard"", ""accounting_dashboard"", ""leads_dashboard"", ""active_projects_dashboard"", ""portfolio_dashboard"", ""project_notes"", ""project_comps"", ""flip_analyzer"", ""rental_analyzer"", ""repair_estimator"", ""deal_analysis_reports"", ""task_manager"", ""project_scheduler"", ""project_calendar"", ""project_budgeter"", ""expense_tracker"", ""income_tracker"", ""receipts"", ""accounting_reports"", ""contacts_vendors"", ""document_manager"", ""photo_log"", ""add_project"", ""delete_project"", ""material_catalog"", ""project_progress_updates"", ""activity_log"", ""receipts_inbox""]"
6ec24922-6e4d-4aa3-ad83-c83755ba691a,fcc296b5-fe8b-4b7a-9b32-d436b75f9490,2026-06-03T15:44:01Z,2026-06-03T15:44:03Z,4320 Corinth Drive,"4320 Corinth Drive, Birmingham, AL 35213",4320 Corinth Drive,,Birmingham,AL,35213,US,33.5135425,-86.7154645,fix_and_flip,pending_purchase,Single Family Residence,,4900,6,5,1969,https://tools.flipperforce.com/uploads/projects/116713/streetview-400x400.jpg,"[""team_notifications"", ""analysis_dashboard"", ""estimating_dashboard"", ""accounting_dashboard"", ""leads_dashboard"", ""active_projects_dashboard"", ""portfolio_dashboard"", ""project_notes"", ""project_comps"", ""flip_analyzer"", ""rental_analyzer"", ""repair_estimator"", ""deal_analysis_reports"", ""task_manager"", ""project_scheduler"", ""project_calendar"", ""project_budgeter"", ""expense_tracker"", ""income_tracker"", ""receipts"", ""accounting_reports"", ""contacts_vendors"", ""document_manager"", ""photo_log"", ""add_project"", ""delete_project"", ""material_catalog"", ""project_progress_updates"", ""activity_log"", ""receipts_inbox""]"
04f26529-dc7c-4231-a316-eb7dc0e7cda9,fcc296b5-fe8b-4b7a-9b32-d436b75f9490,2025-11-04T19:17:06Z,2026-06-03T15:43:10Z,5337 Pineneedle Drive,"5337 Pineneedle Drive, Gardendale, AL 35071",5337 Pineneedle Drive,,Gardendale,AL,35071,US,33.6565793,-86.788161,fix_and_flip,pending_purchase,Single Family,,2943,4,4,1999,https://tools.flipperforce.com/uploads/projects/104816/streetview-400x400.jpg,"[""team_notifications"", ""analysis_dashboard"", ""estimating_dashboard"", ""accounting_dashboard"", ""leads_dashboard"", ""active_projects_dashboard"", ""portfolio_dashboard"", ""project_notes"", ""project_comps"", ""flip_analyzer"", ""rental_analyzer"", ""repair_estimator"", ""deal_analysis_reports"", ""task_manager"", ""project_scheduler"", ""project_calendar"", ""project_budgeter"", ""expense_tracker"", ""income_tracker"", ""receipts"", ""accounting_reports"", ""contacts_vendors"", ""document_manager"", ""photo_log"", ""add_project"", ""delete_project"", ""material_catalog"", ""project_progress_updates"", ""activity_log"", ""receipts_inbox""]"
9cb8369d-bf9c-4e42-a36f-05acd9de194c,fcc296b5-fe8b-4b7a-9b32-d436b75f9490,2026-02-06T17:23:11Z,2026-06-03T15:41:38Z,112 White Cap Circle,"112 White Cap Circle, Alabaster, AL 35007",112 White Cap Circle,,Alabaster,AL,35007,US,33.2628784,-86.8279001,fix_and_flip,active_listing,Single Family Residence,,2136,3,3,1976,https://tools.flipperforce.com/uploads/projects/110122/streetview-400x400.jpg,"[""team_notifications"", ""analysis_dashboard"", ""estimating_dashboard"", ""accounting_dashboard"", ""leads_dashboard"", ""active_projects_dashboard"", ""portfolio_dashboard"", ""project_notes"", ""project_comps"", ""flip_analyzer"", ""rental_analyzer"", ""repair_estimator"", ""deal_analysis_reports"", ""task_manager"", ""project_scheduler"", ""project_calendar"", ""project_budgeter"", ""expense_tracker"", ""income_tracker"", ""receipts"", ""accounting_reports"", ""contacts_vendors"", ""document_manager"", ""photo_log"", ""add_project"", ""delete_project"", ""material_catalog"", ""project_progress_updates"", ""activity_log"", ""receipts_inbox""]"
199b7da4-951f-4017-9592-20b744b63bb2,fcc296b5-fe8b-4b7a-9b32-d436b75f9490,2026-02-06T17:24:33Z,2026-06-03T15:41:21Z,2825 2nd Way Northwest,"2825 2nd Way Northwest, Center Point, AL 35215",2825 2nd Way Northwest,,Center Point,AL,35215,US,33.6591248,-86.6908245,fix_and_flip,active_listing,Single Family Residence,,1528,3,2,1966,https://tools.flipperforce.com/uploads/projects/110123/streetview-400x400.jpg,"[""team_notifications"", ""analysis_dashboard"", ""estimating_dashboard"", ""accounting_dashboard"", ""leads_dashboard"", ""active_projects_dashboard"", ""portfolio_dashboard"", ""project_notes"", ""project_comps"", ""flip_analyzer"", ""rental_analyzer"", ""repair_estimator"", ""deal_analysis_reports"", ""task_manager"", ""project_scheduler"", ""project_calendar"", ""project_budgeter"", ""expense_tracker"", ""income_tracker"", ""receipts"", ""accounting_reports"", ""contacts_vendors"", ""document_manager"", ""photo_log"", ""add_project"", ""delete_project"", ""material_catalog"", ""project_progress_updates"", ""activity_log"", ""receipts_inbox""]"
a6541d8c-a09e-4f0c-be58-584f064e61fe,fcc296b5-fe8b-4b7a-9b32-d436b75f9490,2026-03-24T18:44:41Z,2026-06-03T15:40:07Z,5400 J R Drive,"5400 J R Drive, Birmingham, AL 35235",5400 J R Drive,,Birmingham,AL,35235,US,33.6541121,-86.6389656,fix_and_flip,under_construction,,,,,,,https://tools.flipperforce.com/uploads/projects/112720/streetview-400x400.jpg,"[""team_notifications"", ""analysis_dashboard"", ""estimating_dashboard"", ""accounting_dashboard"", ""leads_dashboard"", ""active_projects_dashboard"", ""portfolio_dashboard"", ""project_notes"", ""project_comps"", ""flip_analyzer"", ""rental_analyzer"", ""repair_estimator"", ""deal_analysis_reports"", ""task_manager"", ""project_scheduler"", ""project_calendar"", ""project_budgeter"", ""expense_tracker"", ""income_tracker"", ""receipts"", ""accounting_reports"", ""contacts_vendors"", ""document_manager"", ""photo_log"", ""add_project"", ""delete_project"", ""material_catalog"", ""project_progress_updates"", ""activity_log"", ""receipts_inbox""]"
46f6e042-fc44-4fe5-b0b0-b4c46bb57888,fcc296b5-fe8b-4b7a-9b32-d436b75f9490,2026-01-26T16:53:48Z,2026-05-29T20:17:04Z,308 Killough Drive,"308 Killough Drive, Birmingham, AL 35215",308 Killough Drive,,Birmingham,AL,35215,US,33.6136594,-86.7057029,fix_and_flip,under_construction,Single Family Residence,,1392,3,2,1960,https://tools.flipperforce.com/uploads/projects/109424/streetview-400x400.jpg,"[""team_notifications"", ""analysis_dashboard"", ""estimating_dashboard"", ""accounting_dashboard"", ""leads_dashboard"", ""active_projects_dashboard"", ""portfolio_dashboard"", ""project_notes"", ""project_comps"", ""flip_analyzer"", ""rental_analyzer"", ""repair_estimator"", ""deal_analysis_reports"", ""task_manager"", ""project_scheduler"", ""project_calendar"", ""project_budgeter"", ""expense_tracker"", ""income_tracker"", ""receipts"", ""accounting_reports"", ""contacts_vendors"", ""document_manager"", ""photo_log"", ""add_project"", ""delete_project"", ""material_catalog"", ""project_progress_updates"", ""activity_log"", ""receipts_inbox""]"
cb9be0f6-9df0-4704-9027-303df26b159e,fcc296b5-fe8b-4b7a-9b32-d436b75f9490,2025-05-23T19:42:50Z,2026-05-29T20:13:18Z,5609 Ridge View Drive,"5609 Ridge View Drive, Trussville, AL 35173",5609 Ridge View Drive,,Trussville,AL,35173,US,33.6571209,-86.5346428,fix_and_flip,active_listing,General,,2606,,2,2002,https://tools.flipperforce.com/uploads/projects/95474/1rAP9Lb9x4lo09bBYUXPsA4AWzHdpc6yyLxoS2jh-223x226.jpg,"[""team_notifications"", ""analysis_dashboard"", ""estimating_dashboard"", ""accounting_dashboard"", ""leads_dashboard"", ""active_projects_dashboard"", ""portfolio_dashboard"", ""project_notes"", ""project_comps"", ""flip_analyzer"", ""rental_analyzer"", ""repair_estimator"", ""deal_analysis_reports"", ""task_manager"", ""project_scheduler"", ""project_calendar"", ""project_budgeter"", ""expense_tracker"", ""income_tracker"", ""receipts"", ""accounting_reports"", ""contacts_vendors"", ""document_manager"", ""photo_log"", ""add_project"", ""delete_project"", ""material_catalog"", ""project_progress_updates"", ""activity_log"", ""receipts_inbox""]"
3448a51e-f2e1-45ae-8868-529ae366e7e0,fcc296b5-fe8b-4b7a-9b32-d436b75f9490,2026-02-11T18:06:11Z,2026-05-29T13:50:39Z,316 Gemini Circle Northwest,"316 Gemini Circle Northwest, Birmingham, AL 35215",316 Gemini Circle Northwest,,Birmingham,AL,35215,US,33.6726252,-86.6901755,fix_and_flip,under_construction,Single Family Residence,,1268,3,2,1975,https://tools.flipperforce.com/uploads/projects/110368/streetview-400x400.jpg,"[""team_notifications"", ""analysis_dashboard"", ""estimating_dashboard"", ""accounting_dashboard"", ""leads_dashboard"", ""active_projects_dashboard"", ""portfolio_dashboard"", ""project_notes"", ""project_comps"", ""flip_analyzer"", ""rental_analyzer"", ""repair_estimator"", ""deal_analysis_reports"", ""task_manager"", ""project_scheduler"", ""project_calendar"", ""project_budgeter"", ""expense_tracker"", ""income_tracker"", ""receipts"", ""accounting_reports"", ""contacts_vendors"", ""document_manager"", ""photo_log"", ""add_project"", ""delete_project"", ""material_catalog"", ""project_progress_updates"", ""activity_log"", ""receipts_inbox""]"
6b5520c5-7082-481e-9fc1-6f3f24ab5808,fcc296b5-fe8b-4b7a-9b32-d436b75f9490,2026-01-23T14:16:03Z,2026-05-28T14:35:26Z,508 Tambay Drive,"508 Tambay Drive, Birmingham, AL 35217",508 Tambay Drive,,Birmingham,AL,35217,US,33.6357705,-86.7881061,fix_and_flip,under_construction,Single Family Residence,,1392,3,1,1970,https://tools.flipperforce.com/uploads/projects/109280/streetview-400x400.jpg,"[""team_notifications"", ""analysis_dashboard"", ""estimating_dashboard"", ""accounting_dashboard"", ""leads_dashboard"", ""active_projects_dashboard"", ""portfolio_dashboard"", ""project_notes"", ""project_comps"", ""flip_analyzer"", ""rental_analyzer"", ""repair_estimator"", ""deal_analysis_reports"", ""task_manager"", ""project_scheduler"", ""project_calendar"", ""project_budgeter"", ""expense_tracker"", ""income_tracker"", ""receipts"", ""accounting_reports"", ""contacts_vendors"", ""document_manager"", ""photo_log"", ""add_project"", ""delete_project"", ""material_catalog"", ""project_progress_updates"", ""activity_log"", ""receipts_inbox""]"
7c81ffec-7b99-4dc8-a411-0eec59257e0f,fcc296b5-fe8b-4b7a-9b32-d436b75f9490,2026-01-29T20:55:43Z,2026-05-28T14:35:19Z,1309 Springville Road,"1309 Springville Road, Birmingham, AL 35215",1309 Springville Road,,Birmingham,AL,35215,US,33.6156419,-86.6739751,fix_and_flip,active_listing,Single Family Residence,,2726,3,2,1952,https://tools.flipperforce.com/uploads/projects/109630/wB2q2NhxGCRNMfMkofKlbKgxM3uoeXXowlqx7h2n-600x450.jpg,"[""team_notifications"", ""analysis_dashboard"", ""estimating_dashboard"", ""accounting_dashboard"", ""leads_dashboard"", ""active_projects_dashboard"", ""portfolio_dashboard"", ""project_notes"", ""project_comps"", ""flip_analyzer"", ""rental_analyzer"", ""repair_estimator"", ""deal_analysis_reports"", ""task_manager"", ""project_scheduler"", ""project_calendar"", ""project_budgeter"", ""expense_tracker"", ""income_tracker"", ""receipts"", ""accounting_reports"", ""contacts_vendors"", ""document_manager"", ""photo_log"", ""add_project"", ""delete_project"", ""material_catalog"", ""project_progress_updates"", ""activity_log"", ""receipts_inbox""]"
660a1a94-2867-48e7-9c5f-4db540c7104a,fcc296b5-fe8b-4b7a-9b32-d436b75f9490,2026-03-17T20:42:09Z,2026-05-28T14:34:56Z,6279 Tyler Loop Road,"6279 Tyler Loop Road, Pinson, AL 35126",6279 Tyler Loop Road,,Pinson,AL,35126,US,33.6797459,-86.6590765,fix_and_flip,active_listing,Single Family Residence,,1336,3,2,1974,https://tools.flipperforce.com/uploads/projects/112375/streetview-400x400.jpg,"[""team_notifications"", ""analysis_dashboard"", ""estimating_dashboard"", ""accounting_dashboard"", ""leads_dashboard"", ""active_projects_dashboard"", ""portfolio_dashboard"", ""project_notes"", ""project_comps"", ""flip_analyzer"", ""rental_analyzer"", ""repair_estimator"", ""deal_analysis_reports"", ""task_manager"", ""project_scheduler"", ""project_calendar"", ""project_budgeter"", ""expense_tracker"", ""income_tracker"", ""receipts"", ""accounting_reports"", ""contacts_vendors"", ""document_manager"", ""photo_log"", ""add_project"", ""delete_project"", ""material_catalog"", ""project_progress_updates"", ""activity_log"", ""receipts_inbox""]"
23719392-bb88-4166-8212-eb41dc4bb335,fcc296b5-fe8b-4b7a-9b32-d436b75f9490,2026-01-13T22:30:27Z,2026-05-28T14:34:21Z,316 Willow Glen Court,"316 Willow Glen Court, Alabaster, AL 35007",316 Willow Glen Court,,Alabaster,AL,35007,US,33.1963895,-86.8384616,fix_and_flip,pending_sale,Single Family Residence,,1590,3,2,1984,https://tools.flipperforce.com/uploads/projects/108735/streetview-400x400.jpg,"[""team_notifications"", ""analysis_dashboard"", ""estimating_dashboard"", ""accounting_dashboard"", ""leads_dashboard"", ""active_projects_dashboard"", ""portfolio_dashboard"", ""project_notes"", ""project_comps"", ""flip_analyzer"", ""rental_analyzer"", ""repair_estimator"", ""deal_analysis_reports"", ""task_manager"", ""project_scheduler"", ""project_calendar"", ""project_budgeter"", ""expense_tracker"", ""income_tracker"", ""receipts"", ""accounting_reports"", ""contacts_vendors"", ""document_manager"", ""photo_log"", ""add_project"", ""delete_project"", ""material_catalog"", ""project_progress_updates"", ""activity_log"", ""receipts_inbox""]"
a051bc40-e672-4482-b10b-2ddee7bd5dd9,fcc296b5-fe8b-4b7a-9b32-d436b75f9490,2026-01-21T17:16:25Z,2026-05-28T14:34:19Z,1645 Barrington Lane Northeast,"1645 Barrington Lane Northeast, Center Point, AL 35215",1645 Barrington Lane Northeast,,Center Point,AL,35215,US,33.6265353,-86.6734519,fix_and_flip,pending_sale,Single Family Residence,,920,3,1,1963,https://tools.flipperforce.com/uploads/projects/109141/streetview-400x400.jpg,"[""team_notifications"", ""analysis_dashboard"", ""estimating_dashboard"", ""accounting_dashboard"", ""leads_dashboard"", ""active_projects_dashboard"", ""portfolio_dashboard"", ""project_notes"", ""project_comps"", ""flip_analyzer"", ""rental_analyzer"", ""repair_estimator"", ""deal_analysis_reports"", ""task_manager"", ""project_scheduler"", ""project_calendar"", ""project_budgeter"", ""expense_tracker"", ""income_tracker"", ""receipts"", ""accounting_reports"", ""contacts_vendors"", ""document_manager"", ""photo_log"", ""add_project"", ""delete_project"", ""material_catalog"", ""project_progress_updates"", ""activity_log"", ""receipts_inbox""]"
cd98b7b3-623a-43eb-9465-85e434301a7f,fcc296b5-fe8b-4b7a-9b32-d436b75f9490,2026-04-22T19:03:58Z,2026-05-28T14:29:28Z,4545 Shocco Springs Road,"4545 Shocco Springs Road, Talladega, AL 35160",4545 Shocco Springs Road,,Talladega,AL,35160,US,33.4669363,-86.1806357,fix_and_flip,under_construction,Single Family Residence,,2178,,3,2004,https://tools.flipperforce.com/uploads/projects/114309/streetview-400x400.jpg,"[""team_notifications"", ""analysis_dashboard"", ""estimating_dashboard"", ""accounting_dashboard"", ""leads_dashboard"", ""active_projects_dashboard"", ""portfolio_dashboard"", ""project_notes"", ""project_comps"", ""flip_analyzer"", ""rental_analyzer"", ""repair_estimator"", ""deal_analysis_reports"", ""task_manager"", ""project_scheduler"", ""project_calendar"", ""project_budgeter"", ""expense_tracker"", ""income_tracker"", ""receipts"", ""accounting_reports"", ""contacts_vendors"", ""document_manager"", ""photo_log"", ""add_project"", ""delete_project"", ""material_catalog"", ""project_progress_updates"", ""activity_log"", ""receipts_inbox""]"
e02c6242-e9ef-461b-ac1d-fc389e9769b7,fcc296b5-fe8b-4b7a-9b32-d436b75f9490,2026-04-27T15:07:02Z,2026-05-27T16:13:18Z,2583 Hampstead Drive,"2583 Hampstead Drive, Birmingham, AL 35235",2583 Hampstead Drive,,Birmingham,AL,35235,US,33.6442916,-86.6339713,fix_and_flip,lead,Townhouse,,1400,3,2,1994,https://tools.flipperforce.com/uploads/projects/114533/streetview-400x400.jpg,"[""team_notifications"", ""analysis_dashboard"", ""estimating_dashboard"", ""accounting_dashboard"", ""leads_dashboard"", ""active_projects_dashboard"", ""portfolio_dashboard"", ""project_notes"", ""project_comps"", ""flip_analyzer"", ""rental_analyzer"", ""repair_estimator"", ""deal_analysis_reports"", ""task_manager"", ""project_scheduler"", ""project_calendar"", ""project_budgeter"", ""expense_tracker"", ""income_tracker"", ""receipts"", ""accounting_reports"", ""contacts_vendors"", ""document_manager"", ""photo_log"", ""add_project"", ""delete_project"", ""material_catalog"", ""project_progress_updates"", ""activity_log"", ""receipts_inbox""]"
4c9a46a6-7212-41a0-90f5-b62785474364,fcc296b5-fe8b-4b7a-9b32-d436b75f9490,2026-04-28T14:55:23Z,2026-05-26T19:32:23Z,3215 Fortner Lane,"3215 Fortner Lane, Moody, AL 35004",3215 Fortner Lane,,Moody,AL,35004,US,33.5926241,-86.4896635,fix_and_flip,lead,Single Family Residence,,1375,,1,1971,https://tools.flipperforce.com/uploads/projects/114610/streetview-400x400.jpg,"[""team_notifications"", ""analysis_dashboard"", ""estimating_dashboard"", ""accounting_dashboard"", ""leads_dashboard"", ""active_projects_dashboard"", ""portfolio_dashboard"", ""project_notes"", ""project_comps"", ""flip_analyzer"", ""rental_analyzer"", ""repair_estimator"", ""deal_analysis_reports"", ""task_manager"", ""project_scheduler"", ""project_calendar"", ""project_budgeter"", ""expense_tracker"", ""income_tracker"", ""receipts"", ""accounting_reports"", ""contacts_vendors"", ""document_manager"", ""photo_log"", ""add_project"", ""delete_project"", ""material_catalog"", ""project_progress_updates"", ""activity_log"", ""receipts_inbox""]"
2953799a-81d6-48a3-b794-3e574dae7837,fcc296b5-fe8b-4b7a-9b32-d436b75f9490,2026-04-01T16:50:50Z,2026-05-26T19:32:10Z,380 Myrick Road,"380 Myrick Road, Warrior, AL 35180",380 Myrick Road,,Warrior,AL,35180,US,33.8724575,-86.7911595,fix_and_flip,under_construction,Single Family Residence,,3020,,4,1997,https://tools.flipperforce.com/uploads/projects/113192/streetview-400x400.jpg,"[""team_notifications"", ""analysis_dashboard"", ""estimating_dashboard"", ""accounting_dashboard"", ""leads_dashboard"", ""active_projects_dashboard"", ""portfolio_dashboard"", ""project_notes"", ""project_comps"", ""flip_analyzer"", ""rental_analyzer"", ""repair_estimator"", ""deal_analysis_reports"", ""task_manager"", ""project_scheduler"", ""project_calendar"", ""project_budgeter"", ""expense_tracker"", ""income_tracker"", ""receipts"", ""accounting_reports"", ""contacts_vendors"", ""document_manager"", ""photo_log"", ""add_project"", ""delete_project"", ""material_catalog"", ""project_progress_updates"", ""activity_log"", ""receipts_inbox""]"
3ede3a2c-0c25-4ccd-84f6-37dca2571c22,fcc296b5-fe8b-4b7a-9b32-d436b75f9490,2026-04-28T16:45:42Z,2026-05-21T14:46:04Z,440 Woodland Court Northeast,"440 Woodland Court Northeast, Center Point, AL 35215",440 Woodland Court Northeast,,Center Point,AL,35215,US,33.6434603,-86.6712115,fix_and_flip,under_construction,Single Family Residence,,1182,3,2,1971,https://tools.flipperforce.com/uploads/projects/114633/streetview-400x400.jpg,"[""team_notifications"", ""analysis_dashboard"", ""estimating_dashboard"", ""accounting_dashboard"", ""leads_dashboard"", ""active_projects_dashboard"", ""portfolio_dashboard"", ""project_notes"", ""project_comps"", ""flip_analyzer"", ""rental_analyzer"", ""repair_estimator"", ""deal_analysis_reports"", ""task_manager"", ""project_scheduler"", ""project_calendar"", ""project_budgeter"", ""expense_tracker"", ""income_tracker"", ""receipts"", ""accounting_reports"", ""contacts_vendors"", ""document_manager"", ""photo_log"", ""add_project"", ""delete_project"", ""material_catalog"", ""project_progress_updates"", ""activity_log"", ""receipts_inbox""]"
35d87514-df2e-4ad8-8827-bc758f4ef859,fcc296b5-fe8b-4b7a-9b32-d436b75f9490,2026-04-10T12:02:14Z,2026-05-21T14:45:23Z,2521 Arcadia Place,"2521 Arcadia Place, Birmingham, AL 35214",2521 Arcadia Place,,Birmingham,AL,35214,US,33.5873478,-86.9086538,fix_and_flip,under_construction,Single Family Residence,,1370,3,2,1971,https://tools.flipperforce.com/uploads/projects/113651/streetview-400x400.jpg,"[""team_notifications"", ""analysis_dashboard"", ""estimating_dashboard"", ""accounting_dashboard"", ""leads_dashboard"", ""active_projects_dashboard"", ""portfolio_dashboard"", ""project_notes"", ""project_comps"", ""flip_analyzer"", ""rental_analyzer"", ""repair_estimator"", ""deal_analysis_reports"", ""task_manager"", ""project_scheduler"", ""project_calendar"", ""project_budgeter"", ""expense_tracker"", ""income_tracker"", ""receipts"", ""accounting_reports"", ""contacts_vendors"", ""document_manager"", ""photo_log"", ""add_project"", ""delete_project"", ""material_catalog"", ""project_progress_updates"", ""activity_log"", ""receipts_inbox""]"
452422a6-c872-4052-91f2-227da0583a03,fcc296b5-fe8b-4b7a-9b32-d436b75f9490,2026-04-28T15:00:09Z,2026-05-15T20:01:55Z,578 Shades Crest Road,"578 Shades Crest Road, Hoover, AL 35226",578 Shades Crest Road,,Hoover,AL,35226,US,33.4106164,-86.8577347,fix_and_flip,under_construction,Single Family Residence,,2064,5,4,1978,https://tools.flipperforce.com/uploads/projects/114613/streetview-400x400.jpg,"[""team_notifications"", ""analysis_dashboard"", ""estimating_dashboard"", ""accounting_dashboard"", ""leads_dashboard"", ""active_projects_dashboard"", ""portfolio_dashboard"", ""project_notes"", ""project_comps"", ""flip_analyzer"", ""rental_analyzer"", ""repair_estimator"", ""deal_analysis_reports"", ""task_manager"", ""project_scheduler"", ""project_calendar"", ""project_budgeter"", ""expense_tracker"", ""income_tracker"", ""receipts"", ""accounting_reports"", ""contacts_vendors"", ""document_manager"", ""photo_log"", ""add_project"", ""delete_project"", ""material_catalog"", ""project_progress_updates"", ""activity_log"", ""receipts_inbox""]"
d718a1aa-5c9a-4981-bd3d-5ef4abb73cf8,fcc296b5-fe8b-4b7a-9b32-d436b75f9490,2025-11-11T21:35:41Z,2026-05-12T18:57:09Z,5551 Timber Hill Road,"5551 Timber Hill Road, Birmingham, AL 35242",5551 Timber Hill Road,,Birmingham,AL,35242,US,33.354691,-86.7317072,fix_and_flip,pending_sale,Single Family,,3818,4,3,1989,https://tools.flipperforce.com/uploads/projects/105286/streetview-400x400.jpg,"[""team_notifications"", ""analysis_dashboard"", ""estimating_dashboard"", ""accounting_dashboard"", ""leads_dashboard"", ""active_projects_dashboard"", ""portfolio_dashboard"", ""project_notes"", ""project_comps"", ""flip_analyzer"", ""rental_analyzer"", ""repair_estimator"", ""deal_analysis_reports"", ""task_manager"", ""project_scheduler"", ""project_calendar"", ""project_budgeter"", ""expense_tracker"", ""income_tracker"", ""receipts"", ""accounting_reports"", ""contacts_vendors"", ""document_manager"", ""photo_log"", ""add_project"", ""delete_project"", ""material_catalog"", ""project_progress_updates"", ""activity_log"", ""receipts_inbox""]"
4eb356e4-8643-4da3-bf6f-cc3248dc373b,fcc296b5-fe8b-4b7a-9b32-d436b75f9490,2024-11-13T17:00:33Z,2026-05-12T18:57:05Z,3348 Overton Road,"3348 Overton Road, Birmingham, AL 35223",3348 Overton Road,,Birmingham,AL,35223,US,33.475714,-86.726252,fix_and_flip,active_listing,Single Family,,1756,4,2,1968,https://tools.flipperforce.com/uploads/projects/84637/streetview-400x400.jpg,"[""team_notifications"", ""analysis_dashboard"", ""estimating_dashboard"", ""accounting_dashboard"", ""leads_dashboard"", ""active_projects_dashboard"", ""portfolio_dashboard"", ""project_notes"", ""project_comps"", ""flip_analyzer"", ""rental_analyzer"", ""repair_estimator"", ""deal_analysis_reports"", ""task_manager"", ""project_scheduler"", ""project_calendar"", ""project_budgeter"", ""expense_tracker"", ""income_tracker"", ""receipts"", ""accounting_reports"", ""contacts_vendors"", ""document_manager"", ""photo_log"", ""add_project"", ""delete_project"", ""material_catalog"", ""project_progress_updates"", ""activity_log"", ""receipts_inbox""]"
e07f7269-069d-40e9-8cbb-2ef30915ba80,fcc296b5-fe8b-4b7a-9b32-d436b75f9490,2025-10-13T13:34:16Z,2026-05-12T18:56:56Z,1939 Westridge Drive,"1939 Westridge Drive, Birmingham, AL 35235",1939 Westridge Drive,,Birmingham,AL,35235,US,33.6337245,-86.6571532,fix_and_flip,pending_sale,Single Family,,1277,3,2,1977,https://tools.flipperforce.com/uploads/projects/103286/streetview-400x400.jpg,"[""team_notifications"", ""analysis_dashboard"", ""estimating_dashboard"", ""accounting_dashboard"", ""leads_dashboard"", ""active_projects_dashboard"", ""portfolio_dashboard"", ""project_notes"", ""project_comps"", ""flip_analyzer"", ""rental_analyzer"", ""repair_estimator"", ""deal_analysis_reports"", ""task_manager"", ""project_scheduler"", ""project_calendar"", ""project_budgeter"", ""expense_tracker"", ""income_tracker"", ""receipts"", ""accounting_reports"", ""contacts_vendors"", ""document_manager"", ""photo_log"", ""add_project"", ""delete_project"", ""material_catalog"", ""project_progress_updates"", ""activity_log"", ""receipts_inbox""]"
3af74b60-84fb-4c6c-aa59-3d1fe38b096e,fcc296b5-fe8b-4b7a-9b32-d436b75f9490,2026-04-30T18:05:50Z,2026-05-12T18:56:32Z,4793 Longmeadow Drive,"4793 Longmeadow Drive, Bessemer, AL 35022",4793 Longmeadow Drive,,Bessemer,AL,35022,US,33.3279904,-86.9974261,fix_and_flip,under_construction,Garden Home,,1395,3,2,2002,https://tools.flipperforce.com/uploads/projects/114820/streetview-400x400.jpg,"[""team_notifications"", ""analysis_dashboard"", ""estimating_dashboard"", ""accounting_dashboard"", ""leads_dashboard"", ""active_projects_dashboard"", ""portfolio_dashboard"", ""project_notes"", ""project_comps"", ""flip_analyzer"", ""rental_analyzer"", ""repair_estimator"", ""deal_analysis_reports"", ""task_manager"", ""project_scheduler"", ""project_calendar"", ""project_budgeter"", ""expense_tracker"", ""income_tracker"", ""receipts"", ""accounting_reports"", ""contacts_vendors"", ""document_manager"", ""photo_log"", ""add_project"", ""delete_project"", ""material_catalog"", ""project_progress_updates"", ""activity_log"", ""receipts_inbox""]"
51508141-d2cf-46ca-8097-67da5dd31122,fcc296b5-fe8b-4b7a-9b32-d436b75f9490,2026-04-27T16:39:43Z,2026-05-12T18:46:16Z,1006 Belcher Ferry Road,"1006 Belcher Ferry Road, Bessemer, AL 35023",1006 Belcher Ferry Road,,Bessemer,AL,35023,US,33.5411451,-87.2033413,fix_and_flip,pending_purchase,"Manufactured, Modular, Pre-Fabricated Homes",,840,2,1,2016,https://tools.flipperforce.com/uploads/projects/114549/streetview-400x400.jpg,"[""team_notifications"", ""analysis_dashboard"", ""estimating_dashboard"", ""accounting_dashboard"", ""leads_dashboard"", ""active_projects_dashboard"", ""portfolio_dashboard"", ""project_notes"", ""project_comps"", ""flip_analyzer"", ""rental_analyzer"", ""repair_estimator"", ""deal_analysis_reports"", ""task_manager"", ""project_scheduler"", ""project_calendar"", ""project_budgeter"", ""expense_tracker"", ""income_tracker"", ""receipts"", ""accounting_reports"", ""contacts_vendors"", ""document_manager"", ""photo_log"", ""add_project"", ""delete_project"", ""material_catalog"", ""project_progress_updates"", ""activity_log"", ""receipts_inbox""]"
6e8086a1-e590-4320-a7e6-af2ffaf4c1a0,fcc296b5-fe8b-4b7a-9b32-d436b75f9490,2026-01-28T16:30:55Z,2026-05-08T14:05:42Z,505 Sunhill Road Northwest,"505 Sunhill Road Northwest, Center Point, AL 35215",505 Sunhill Road Northwest,,Center Point,AL,35215,US,33.653389,-86.6966471,fix_and_flip,under_construction,Single Family Residence,,2178,3,1,1955,https://tools.flipperforce.com/uploads/projects/109538/streetview-400x400.jpg,"[""team_notifications"", ""analysis_dashboard"", ""estimating_dashboard"", ""accounting_dashboard"", ""leads_dashboard"", ""active_projects_dashboard"", ""portfolio_dashboard"", ""project_notes"", ""project_comps"", ""flip_analyzer"", ""rental_analyzer"", ""repair_estimator"", ""deal_analysis_reports"", ""task_manager"", ""project_scheduler"", ""project_calendar"", ""project_budgeter"", ""expense_tracker"", ""income_tracker"", ""receipts"", ""accounting_reports"", ""contacts_vendors"", ""document_manager"", ""photo_log"", ""add_project"", ""delete_project"", ""material_catalog"", ""project_progress_updates"", ""activity_log"", ""receipts_inbox""]"
dc33447d-909d-4d5f-b413-2030271b08b6,fcc296b5-fe8b-4b7a-9b32-d436b75f9490,2025-06-18T14:41:07Z,2026-05-08T13:29:07Z,2401 16th Street,"2401 16th Street, Calera, AL 35040",2401 16th Street,,Calera,AL,35040,US,33.0928421,-86.7563235,fix_and_flip,active_listing,Single Family,,1445,,2,1966,https://tools.flipperforce.com/uploads/projects/96717/streetview-400x400.jpg,"[""team_notifications"", ""analysis_dashboard"", ""estimating_dashboard"", ""accounting_dashboard"", ""leads_dashboard"", ""active_projects_dashboard"", ""portfolio_dashboard"", ""project_notes"", ""project_comps"", ""flip_analyzer"", ""rental_analyzer"", ""repair_estimator"", ""deal_analysis_reports"", ""task_manager"", ""project_scheduler"", ""project_calendar"", ""project_budgeter"", ""expense_tracker"", ""income_tracker"", ""receipts"", ""accounting_reports"", ""contacts_vendors"", ""document_manager"", ""photo_log"", ""add_project"", ""delete_project"", ""material_catalog"", ""project_progress_updates"", ""activity_log"", ""receipts_inbox""]"
509a4d80-2357-4d84-947d-556d879df50e,fcc296b5-fe8b-4b7a-9b32-d436b75f9490,2026-05-06T18:50:59Z,2026-05-06T18:51:01Z,4038 Ida Lane,"4038 Ida Lane, Vestavia Hills, AL 35243",4038 Ida Lane,,Vestavia Hills,AL,35243,US,33.4595706,-86.7302754,fix_and_flip,active_listing,Single Family Residence,,1391,3,3,1979,https://tools.flipperforce.com/uploads/projects/115184/streetview-400x400.jpg,"[""team_notifications"", ""analysis_dashboard"", ""estimating_dashboard"", ""accounting_dashboard"", ""leads_dashboard"", ""active_projects_dashboard"", ""portfolio_dashboard"", ""project_notes"", ""project_comps"", ""flip_analyzer"", ""rental_analyzer"", ""repair_estimator"", ""deal_analysis_reports"", ""task_manager"", ""project_scheduler"", ""project_calendar"", ""project_budgeter"", ""expense_tracker"", ""income_tracker"", ""receipts"", ""accounting_reports"", ""contacts_vendors"", ""document_manager"", ""photo_log"", ""add_project"", ""delete_project"", ""material_catalog"", ""project_progress_updates"", ""activity_log"", ""receipts_inbox""]"
263820c5-5ee2-4638-a15b-5325ccf57ac2,fcc296b5-fe8b-4b7a-9b32-d436b75f9490,2026-04-15T15:21:43Z,2026-05-06T18:47:11Z,601 Mermont Drive,"601 Mermont Drive, Trussville, AL 35173",601 Mermont Drive,,Trussville,AL,35173,US,33.6087225,-86.6082987,fix_and_flip,under_construction,Single Family Residence,,2203,4,2,1965,https://tools.flipperforce.com/uploads/projects/113908/streetview-400x400.jpg,"[""team_notifications"", ""analysis_dashboard"", ""estimating_dashboard"", ""accounting_dashboard"", ""leads_dashboard"", ""active_projects_dashboard"", ""portfolio_dashboard"", ""project_notes"", ""project_comps"", ""flip_analyzer"", ""rental_analyzer"", ""repair_estimator"", ""deal_analysis_reports"", ""task_manager"", ""project_scheduler"", ""project_calendar"", ""project_budgeter"", ""expense_tracker"", ""income_tracker"", ""receipts"", ""accounting_reports"", ""contacts_vendors"", ""document_manager"", ""photo_log"", ""add_project"", ""delete_project"", ""material_catalog"", ""project_progress_updates"", ""activity_log"", ""receipts_inbox""]"
e5b58b46-4987-4794-9587-b1c96b858317,fcc296b5-fe8b-4b7a-9b32-d436b75f9490,2025-12-05T19:17:14Z,2026-05-01T14:52:29Z,3834 County Road 11,"3834 County Road 11, Pelham, AL 35124",3834 County Road 11,,Pelham,AL,35124,US,33.2819015,-86.7750639,fix_and_flip,under_construction,,,,,,,https://tools.flipperforce.com/uploads/projects/106749/streetview-400x400.jpg,"[""team_notifications"", ""analysis_dashboard"", ""estimating_dashboard"", ""accounting_dashboard"", ""leads_dashboard"", ""active_projects_dashboard"", ""portfolio_dashboard"", ""project_notes"", ""project_comps"", ""flip_analyzer"", ""rental_analyzer"", ""repair_estimator"", ""deal_analysis_reports"", ""task_manager"", ""project_scheduler"", ""project_calendar"", ""project_budgeter"", ""expense_tracker"", ""income_tracker"", ""receipts"", ""accounting_reports"", ""contacts_vendors"", ""document_manager"", ""photo_log"", ""add_project"", ""delete_project"", ""material_catalog"", ""project_progress_updates"", ""activity_log"", ""receipts_inbox""]"
dad13c43-c304-4e2c-997a-a4619fe92757,fcc296b5-fe8b-4b7a-9b32-d436b75f9490,2025-06-13T21:23:58Z,2026-04-29T19:14:37Z,1792 Whitmire Street,"1792 Whitmire Street, Leeds, AL 35094",1792 Whitmire Street,,Leeds,AL,35094,US,33.5485812,-86.5374355,new_construction,construction_on_hold,,,,,,,https://tools.flipperforce.com/uploads/projects/96533/streetview-400x400.jpg,"[""team_notifications"", ""analysis_dashboard"", ""estimating_dashboard"", ""accounting_dashboard"", ""leads_dashboard"", ""active_projects_dashboard"", ""portfolio_dashboard"", ""project_notes"", ""project_comps"", ""flip_analyzer"", ""rental_analyzer"", ""repair_estimator"", ""deal_analysis_reports"", ""task_manager"", ""project_scheduler"", ""project_calendar"", ""project_budgeter"", ""expense_tracker"", ""income_tracker"", ""receipts"", ""accounting_reports"", ""contacts_vendors"", ""document_manager"", ""photo_log"", ""add_project"", ""delete_project"", ""material_catalog"", ""project_progress_updates"", ""activity_log"", ""receipts_inbox""]"
d2fc6494-9465-4056-a7df-049bd31db888,fcc296b5-fe8b-4b7a-9b32-d436b75f9490,2026-01-26T19:48:43Z,2026-04-01T20:58:33Z,6094 Steeple Chase Drive,"6094 Steeple Chase Drive, Pinson, AL 35126",6094 Steeple Chase Drive,,Pinson,AL,35126,US,33.6890892,-86.6145907,fix_and_flip,lead,Single Family Residence,,2433,4,3,1991,https://tools.flipperforce.com/uploads/projects/109438/streetview-400x400.jpg,"[""team_notifications"", ""analysis_dashboard"", ""estimating_dashboard"", ""accounting_dashboard"", ""leads_dashboard"", ""active_projects_dashboard"", ""portfolio_dashboard"", ""project_notes"", ""project_comps"", ""flip_analyzer"", ""rental_analyzer"", ""repair_estimator"", ""deal_analysis_reports"", ""task_manager"", ""project_scheduler"", ""project_calendar"", ""project_budgeter"", ""expense_tracker"", ""income_tracker"", ""receipts"", ""accounting_reports"", ""contacts_vendors"", ""document_manager"", ""photo_log"", ""add_project"", ""delete_project"", ""material_catalog"", ""project_progress_updates"", ""activity_log"", ""receipts_inbox""]"
0be6b39b-e996-4206-9fdd-22acf9f030c8,fcc296b5-fe8b-4b7a-9b32-d436b75f9490,2025-03-05T17:45:39Z,2026-03-24T18:52:11Z,9311 Dunnavant Valley Road,"9311 Dunnavant Valley Road, Leeds, AL 35094",9311 Dunnavant Valley Road,,Leeds,AL,35094,US,33.4769951,-86.573914,fix_and_flip,active_listing,,,,,,,https://tools.flipperforce.com/uploads/projects/90669/streetview-400x400.jpg,"[""team_notifications"", ""analysis_dashboard"", ""estimating_dashboard"", ""accounting_dashboard"", ""leads_dashboard"", ""active_projects_dashboard"", ""portfolio_dashboard"", ""project_notes"", ""project_comps"", ""flip_analyzer"", ""rental_analyzer"", ""repair_estimator"", ""deal_analysis_reports"", ""task_manager"", ""project_scheduler"", ""project_calendar"", ""project_budgeter"", ""expense_tracker"", ""income_tracker"", ""receipts"", ""accounting_reports"", ""contacts_vendors"", ""document_manager"", ""photo_log"", ""add_project"", ""delete_project"", ""material_catalog"", ""project_progress_updates"", ""activity_log"", ""receipts_inbox""]"
611ad975-5095-4001-b1f1-d195b71f9692,fcc296b5-fe8b-4b7a-9b32-d436b75f9490,2025-04-07T20:00:22Z,2026-03-24T18:49:12Z,1557 Napoleon Drive,"1557 Napoleon Drive, Alabaster, AL 35007",1557 Napoleon Drive,,Alabaster,AL,35007,US,33.2667586,-86.8258758,fix_and_flip,construction_on_hold,Single Family,,1804,4,2,1975,https://tools.flipperforce.com/uploads/projects/92711/streetview-400x400.jpg,"[""team_notifications"", ""analysis_dashboard"", ""estimating_dashboard"", ""accounting_dashboard"", ""leads_dashboard"", ""active_projects_dashboard"", ""portfolio_dashboard"", ""project_notes"", ""project_comps"", ""flip_analyzer"", ""rental_analyzer"", ""repair_estimator"", ""deal_analysis_reports"", ""task_manager"", ""project_scheduler"", ""project_calendar"", ""project_budgeter"", ""expense_tracker"", ""income_tracker"", ""receipts"", ""accounting_reports"", ""contacts_vendors"", ""document_manager"", ""photo_log"", ""add_project"", ""delete_project"", ""material_catalog"", ""project_progress_updates"", ""activity_log"", ""receipts_inbox""]"
05df5cef-191e-4fd6-9d59-8be6afa1ea1e,fcc296b5-fe8b-4b7a-9b32-d436b75f9490,2026-03-04T18:26:30Z,2026-03-17T13:06:28Z,82 County Road 874,"82 County Road 874, Jemison, AL 35085",82 County Road 874,,Jemison,AL,35085,US,32.9796238,-86.740833,fix_and_flip,pending_purchase,Mobile Home,,1560,,1,1972,https://tools.flipperforce.com/uploads/projects/111618/streetview-400x400.jpg,"[""team_notifications"", ""analysis_dashboard"", ""estimating_dashboard"", ""accounting_dashboard"", ""leads_dashboard"", ""active_projects_dashboard"", ""portfolio_dashboard"", ""project_notes"", ""project_comps"", ""flip_analyzer"", ""rental_analyzer"", ""repair_estimator"", ""deal_analysis_reports"", ""task_manager"", ""project_scheduler"", ""project_calendar"", ""project_budgeter"", ""expense_tracker"", ""income_tracker"", ""receipts"", ""accounting_reports"", ""contacts_vendors"", ""document_manager"", ""photo_log"", ""add_project"", ""delete_project"", ""material_catalog"", ""project_progress_updates"", ""activity_log"", ""receipts_inbox""]"
f478feaa-830e-407b-aabe-31ec795ea050,fcc296b5-fe8b-4b7a-9b32-d436b75f9490,2025-10-02T14:45:37Z,2026-03-16T14:08:44Z,150 Beaver Ridge Drive,"150 Beaver Ridge Drive, Ashville, AL 35953",150 Beaver Ridge Drive,,Ashville,AL,35953,US,33.754032,-86.3225837,fix_and_flip,active_listing,Single Family,,1961,,1,1996,https://tools.flipperforce.com/uploads/projects/102564/streetview-400x400.jpg,"[""team_notifications"", ""analysis_dashboard"", ""estimating_dashboard"", ""accounting_dashboard"", ""leads_dashboard"", ""active_projects_dashboard"", ""portfolio_dashboard"", ""project_notes"", ""project_comps"", ""flip_analyzer"", ""rental_analyzer"", ""repair_estimator"", ""deal_analysis_reports"", ""task_manager"", ""project_scheduler"", ""project_calendar"", ""project_budgeter"", ""expense_tracker"", ""income_tracker"", ""receipts"", ""accounting_reports"", ""contacts_vendors"", ""document_manager"", ""photo_log"", ""add_project"", ""delete_project"", ""material_catalog"", ""project_progress_updates"", ""activity_log"", ""receipts_inbox""]"
75ec9daf-e9c2-4734-965a-3fccb2a8db1b,fcc296b5-fe8b-4b7a-9b32-d436b75f9490,2025-05-22T17:12:43Z,2026-02-26T19:31:55Z,2038 22nd Court South,"2038 22nd Court South, Birmingham, AL 35223",2038 22nd Court South,,Birmingham,AL,35223,US,33.490497,-86.7845568,fix_and_flip,active_listing,Townhouse,TownHouse,1224,2,1,1972,https://tools.flipperforce.com/uploads/projects/95393/streetview-400x400.jpg,"[""team_notifications"", ""analysis_dashboard"", ""estimating_dashboard"", ""accounting_dashboard"", ""leads_dashboard"", ""active_projects_dashboard"", ""portfolio_dashboard"", ""project_notes"", ""project_comps"", ""flip_analyzer"", ""rental_analyzer"", ""repair_estimator"", ""deal_analysis_reports"", ""task_manager"", ""project_scheduler"", ""project_calendar"", ""project_budgeter"", ""expense_tracker"", ""income_tracker"", ""receipts"", ""accounting_reports"", ""contacts_vendors"", ""document_manager"", ""photo_log"", ""add_project"", ""delete_project"", ""material_catalog"", ""project_progress_updates"", ""activity_log"", ""receipts_inbox""]"
b3450833-466a-4ba9-bca3-6ab531f4d7d7,fcc296b5-fe8b-4b7a-9b32-d436b75f9490,2025-02-07T22:39:50Z,2026-02-20T15:47:51Z,424 County Road 3150,"424 County Road 3150, Houston, AL 35572",424 County Road 3150,,Houston,AL,35572,US,34.0816034,-87.2467552,fix_and_flip,under_construction,Single Family,,2374,3,1,1989,https://tools.flipperforce.com/uploads/projects/88948/streetview-400x400.jpg,"[""team_notifications"", ""analysis_dashboard"", ""estimating_dashboard"", ""accounting_dashboard"", ""leads_dashboard"", ""active_projects_dashboard"", ""portfolio_dashboard"", ""project_notes"", ""project_comps"", ""flip_analyzer"", ""rental_analyzer"", ""repair_estimator"", ""deal_analysis_reports"", ""task_manager"", ""project_scheduler"", ""project_calendar"", ""project_budgeter"", ""expense_tracker"", ""income_tracker"", ""receipts"", ""accounting_reports"", ""contacts_vendors"", ""document_manager"", ""photo_log"", ""add_project"", ""delete_project"", ""material_catalog"", ""project_progress_updates"", ""activity_log"", ""receipts_inbox""]"
200d94bd-6a9a-4c25-9cce-a40066e4f345,fcc296b5-fe8b-4b7a-9b32-d436b75f9490,2025-10-24T18:14:06Z,2026-02-13T21:50:54Z,141 Deer Park Drive,"141 Deer Park Drive, Irondale, AL 35210",141 Deer Park Drive,,Irondale,AL,35210,US,33.5274488,-86.7104806,fix_and_flip,active_listing,Single Family,,1535,3,1,1964,https://tools.flipperforce.com/uploads/projects/104154/streetview-400x400.jpg,"[""team_notifications"", ""analysis_dashboard"", ""estimating_dashboard"", ""accounting_dashboard"", ""leads_dashboard"", ""active_projects_dashboard"", ""portfolio_dashboard"", ""project_notes"", ""project_comps"", ""flip_analyzer"", ""rental_analyzer"", ""repair_estimator"", ""deal_analysis_reports"", ""task_manager"", ""project_scheduler"", ""project_calendar"", ""project_budgeter"", ""expense_tracker"", ""income_tracker"", ""receipts"", ""accounting_reports"", ""contacts_vendors"", ""document_manager"", ""photo_log"", ""add_project"", ""delete_project"", ""material_catalog"", ""project_progress_updates"", ""activity_log"", ""receipts_inbox""]"
f21c3d22-c271-4a16-8a49-026aa7534605,fcc296b5-fe8b-4b7a-9b32-d436b75f9490,2026-01-26T16:38:47Z,2026-02-12T21:15:01Z,512 Tambay Drive,"512 Tambay Drive, Birmingham, AL 35217",512 Tambay Drive,,Birmingham,AL,35217,US,33.6357982,-86.7886167,new_construction,construction_on_hold,,,,,,,https://tools.flipperforce.com/uploads/projects/109416/streetview-400x400.jpg,"[""team_notifications"", ""analysis_dashboard"", ""estimating_dashboard"", ""accounting_dashboard"", ""leads_dashboard"", ""active_projects_dashboard"", ""portfolio_dashboard"", ""project_notes"", ""project_comps"", ""flip_analyzer"", ""rental_analyzer"", ""repair_estimator"", ""deal_analysis_reports"", ""task_manager"", ""project_scheduler"", ""project_calendar"", ""project_budgeter"", ""expense_tracker"", ""income_tracker"", ""receipts"", ""accounting_reports"", ""contacts_vendors"", ""document_manager"", ""photo_log"", ""add_project"", ""delete_project"", ""material_catalog"", ""project_progress_updates"", ""activity_log"", ""receipts_inbox""]"
5b68954c-7ff3-46b3-812e-27b82cad0d36,fcc296b5-fe8b-4b7a-9b32-d436b75f9490,2025-09-15T20:46:22Z,2026-02-12T21:14:11Z,706 Berkley Drive,"706 Berkley Drive, Pell City, AL 35128",706 Berkley Drive,,Pell City,AL,35128,US,33.5632143,-86.2146563,fix_and_flip,active_listing,Single Family,,1731,2,1,1984,https://tools.flipperforce.com/uploads/projects/101428/streetview-400x400.jpg,"[""team_notifications"", ""analysis_dashboard"", ""estimating_dashboard"", ""accounting_dashboard"", ""leads_dashboard"", ""active_projects_dashboard"", ""portfolio_dashboard"", ""project_notes"", ""project_comps"", ""flip_analyzer"", ""rental_analyzer"", ""repair_estimator"", ""deal_analysis_reports"", ""task_manager"", ""project_scheduler"", ""project_calendar"", ""project_budgeter"", ""expense_tracker"", ""income_tracker"", ""receipts"", ""accounting_reports"", ""contacts_vendors"", ""document_manager"", ""photo_log"", ""add_project"", ""delete_project"", ""material_catalog"", ""project_progress_updates"", ""activity_log"", ""receipts_inbox""]"
8d1ed47e-b1e1-4efa-9de9-5aab791c8b4c,fcc296b5-fe8b-4b7a-9b32-d436b75f9490,2025-04-29T19:58:25Z,2026-01-14T20:54:17Z,10 Anderson Mountain Drive,"10 Anderson Mountain Drive, Odenville, AL 35120",10 Anderson Mountain Drive,,Odenville,AL,35120,US,33.667794,-86.4366761,fix_and_flip,active_listing,Single Family,,4529,,2,2002,https://tools.flipperforce.com/uploads/projects/94044/streetview-400x400.jpg,"[""team_notifications"", ""analysis_dashboard"", ""estimating_dashboard"", ""accounting_dashboard"", ""leads_dashboard"", ""active_projects_dashboard"", ""portfolio_dashboard"", ""project_notes"", ""project_comps"", ""flip_analyzer"", ""rental_analyzer"", ""repair_estimator"", ""deal_analysis_reports"", ""task_manager"", ""project_scheduler"", ""project_calendar"", ""project_budgeter"", ""expense_tracker"", ""income_tracker"", ""receipts"", ""accounting_reports"", ""contacts_vendors"", ""document_manager"", ""photo_log"", ""add_project"", ""delete_project"", ""material_catalog"", ""project_progress_updates"", ""activity_log"", ""receipts_inbox""]"
